image: /ros-bags/_2018-09-16-14-44-12.bag_map.pgm
resolution: 0.050000
origin: [-6.200000, -1.100000, 0.0]
negate: 0
occupied_thresh: 0.65
free_thresh: 0.196
