image: level2.pgm
resolution: 0.050000
origin: [-33.500000, -50.400000, 0.0]
negate: 0
occupied_thresh: 0.65
free_thresh: 0.196
